0.502111841700757	0.205766564594612	0.156766221678912
0.254926944500442	0.408497173431743	0.295943352273816
0.755901515840757	0.607401578146272	0.436791295587684
0.137908921204460	0.797793197235357	0.575883031544396
0.628250767673383	0.0391181863790451	0.725334842807762
0.379025791569556	0.236065114802395	0.868710825015924
0.902430718586008	0.436260769357564	0.0328513534471356
0.0470972284081027	0.646138929068889	0.173981803625077
0.556111367902078	0.850868718115727	0.311415549449589
0.301527477193758	0.100632435617192	0.449807254831343
0.801184636880977	0.300513122496386	0.592291914740280
0.176110658553092	0.495947595425513	0.734351574383261
0.675646909544948	0.695087129784149	0.877552340456660
0.445873475866270	0.885789622737055	0.0418583765959867
0.954627060490582	0.123379051938737	0.174269021594550
0.0317677335946781	0.318385230153900	0.328336198766088
0.529283154274874	0.515352328151518	0.477637375270718
0.274511012457258	0.724065358261569	0.618633496654469
0.770536646556499	0.928372979667317	0.761818380843400
0.154327217291044	0.153837577438931	0.886430716152568
0.658106579881381	0.358415534741747	0.0615105244662980
0.403458041269871	0.558452667069256	0.208097806063150
0.909256679274144	0.758592226166354	0.348215948054583
0.0820293190499738	0.961403383377303	0.483893386028565
0.594664404507110	0.0235215581261484	0.632317938487429
0.339547646775996	0.200024887580096	0.779116534388209
0.834689070830429	0.400879571651293	0.931286844132369
0.206953213538862	0.600853848774937	0.0736119337654324
0.705728750473002	0.805373783747113	0.235169975181054
0.469324725241930	0.0446806739123646	0.365217104608400
0.963458379721455	0.240275208658755	0.501472427050141
0.0295533521458837	0.447385275213060	0.648578221683834
0.523264269028163	0.653575195358682	0.800133418378156
0.267572660795686	0.851260872565030	0.947731446901094
0.760961535393463	0.0847998679649934	0.0887524869101280
0.144989388740320	0.291193669265787	0.242556474659727
0.643804097278619	0.492053301058964	0.387070619893186
0.394150625191701	0.692336749625572	0.530440117134023
0.894999699578373	0.890925658803877	0.672322659364420
0.0797302194291224	0.126712228662839	0.813997291272915
0.581108241070636	0.326230473866078	0.952349200545679
0.320204663772821	0.516500721446258	0.111616190628851
0.820240272709740	0.716622077386272	0.255622030538978
0.198474156143570	0.922980877288409	0.393902680879672
0.693713582090990	0.160976173170925	0.535655302372969
0.444800165355234	0.359140110761883	0.677558479398648
0.943507479940264	0.562324850043348	0.820465148167831
0.0579588444116237	0.763164076239035	0.963156904669756
0.546920924445486	0.962708051051235	0.0299383748480970
0.291494788120587	0.0313375127275275	0.147676442438155
0.791047664626076	0.219769365462115	0.298624387866235
0.186830461139578	0.421140133296606	0.436392307762920
0.687375828181939	0.621419685854105	0.578474427789051
0.437672463366959	0.820207768283943	0.727165397819406
0.949874358744893	0.0523024953133384	0.858441600443052
0.0899301389192119	0.258060599643604	0.0378522279555434
0.601699391641740	0.462781677831841	0.173583120523127
0.351916701755066	0.663512770949147	0.315852183674640
0.852543621540657	0.861199195363183	0.458855442394194
0.228614926732699	0.100476683392724	0.600771039784969
0.728730941217221	0.299868021118657	0.745533228718866
0.479948631146555	0.509211429763429	0.884173446517985
0.970499915869969	0.692961635219149	0.0582788569707306
0.0300040208926314	0.896081516817895	0.184355298265236
0.519341813692871	0.134021804538030	0.344740118427916
0.262743945397777	0.336555525149987	0.476276881691724
0.763666802320911	0.536242937650434	0.618257403770655
0.130882783933159	0.738678374088321	0.759979614522288
0.633448038858336	0.947055231188306	0.904212484883899
0.387796899645254	0.169594298205718	0.0641026937264683
0.887224052511730	0.371011691740930	0.207378116554143
0.0663923268816434	0.571941894813418	0.328641056278582
0.569691952011521	0.772190650132532	0.471439952750274
0.312006501915331	0.968535517858543	0.619949241136514
0.819288954344477	0.0321036917863804	0.770850348636785
0.195685203214750	0.218308214449714	0.930515418084412
0.698932138779818	0.419491690316561	0.0938206668383730
0.456532277468440	0.627219512152634	0.241632621755985
0.953363558022187	0.822823804222577	0.379847965173525
0.0418873541101362	0.0601026536775547	0.510706566470795
0.542568921778726	0.257640595357693	0.656033006574809
0.288733045520922	0.459064012111334	0.797247908962277
0.790481146052277	0.655306101766577	0.948135182247951
0.158662998769931	0.861923064243164	0.108291407749371
0.658534093289272	0.102656885486890	0.255243122303547
0.407433882562602	0.304471291682510	0.398086182053238
0.911569789648463	0.503741370865344	0.540214376589130
0.105313921055617	0.708453046110357	0.673236002604584
0.604640360118570	0.907812523813862	0.816349285569944
0.361198415792582	0.146195641748494	0.958935148189170
0.862810507516031	0.338324745056228	0.110886563674488
0.225293014324900	0.521061165369056	0.256704249476284
0.724675404815796	0.721294884642461	0.400540561382334
0.482159389258534	0.924237403607517	0.538312004357843
0.964415504864333	0.159289688810862	0.674431187034765
0.0263480234566947	0.361630391044858	0.829857084479819
0.534474965627914	0.567466034548866	0.967376931903813
0.259538588259019	0.790708810972717	0.0366459607137645
0.771997379498263	0.975807160069129	0.168823390112108
0.161042340500834	0.0358808870251405	0.284793262565147
0.664755126606173	0.228222770841165	0.425184120822418
0.411922532360125	0.428413793724795	0.572081670743134
0.924067174243859	0.628370889820758	0.709159437192731
0.0705828984794489	0.827040463381852	0.855468298058445
0.578659405568066	0.0682028222476570	0.0329674880417817
0.320031903969584	0.269291623131351	0.173221049672254
0.819398448540727	0.468077309186257	0.316311620811766
0.197267317056420	0.665567448013819	0.461599171241752
0.695909662227992	0.866981221349215	0.602899317287596
0.448567414863812	0.123824305947471	0.738768444327185
0.947146319763992	0.320321619513638	0.884410658391731
0.0516640294003469	0.503715838651705	0.0588105314153392
0.559888170691715	0.710777139226691	0.205696690053056
0.305727429130032	0.913769726212532	0.343005337653662
0.807058771803987	0.149155546071827	0.489265165964412
0.168376798052696	0.341427525313101	0.629690980897581
0.668376798052696	0.541427525313101	0.772548123754724
0.422415904961296	0.746455068475160	0.924336196415474
0.920591875201098	0.947771513152181	0.0827880900057394
0.115111973633977	0.187957605496847	0.195915414275489
0.616188443376027	0.388127433342425	0.341153598994937
0.366103741420972	0.587970597771884	0.485214729386833
0.866842760815637	0.787620886578799	0.626770014111881
0.235050663697836	0.967592979627668	0.760053704329787
0.737796040355096	0.0241356801210952	0.932112107148108
0.481216886996882	0.199231143919806	0.0752196803931755
0.974595717648386	0.405999919206263	0.238766762518932
0.0222579296465909	0.611351949448401	0.388472536916840
0.508934256539973	0.816200825877877	0.535316752266909
0.254811523454543	0.0446758508080107	0.670731329103477
0.755872399462649	0.240541037239653	0.817424072715628
0.135211731001285	0.448467059333067	0.951378193886005
0.637489576504261	0.650545273796759	0.107404351725573
0.387244248225206	0.850435122990880	0.250826544628431
0.882825248538059	0.0850392356927494	0.394523029066001
0.0786452375664207	0.291051273658352	0.538379350441036
0.582267465088314	0.491785086326242	0.681615951059209
0.326198097669779	0.689330113285455	0.821770962362878
0.832602924190853	0.892109283392804	0.958387620016516
0.187253672720162	0.101949599798245	0.121220917966638
0.686644185345809	0.302529780187083	0.263531475731527
0.440637551974335	0.506634404912169	0.404601917209537
0.943561310183089	0.704391256373838	0.547090871314518
0.0445865382750874	0.906412531877424	0.684738028722337
0.552916699515533	0.153457828093639	0.828177427491062
0.286956287569448	0.364496753787244	0.963545140101084
0.762572103979667	0.568903729477829	0.0342185437852950
0.154868856785100	0.762477598903758	0.161802099715017
0.665650971424573	0.963070036003605	0.307407356519051
0.415190383054151	0.0247131326667832	0.443526670116557
0.922183326149979	0.208991901047084	0.582813501551674
0.0919134624240483	0.408758201867005	0.718902390312552
0.593570216909932	0.608724493556300	0.862712319842399
0.345945029384809	0.811801320379219	0.0373650268435088
0.840102924699058	0.0506274628675206	0.179020143039031
0.209914427336870	0.249033164312375	0.326770430351046
0.711688046629199	0.448416984022979	0.470400305720392
0.473756618587982	0.655868996557517	0.613582648926207
0.961854943455131	0.853201820353991	0.756806802912707
0.0308056340941810	0.0895325293708228	0.906721860035170
0.523584986251403	0.292831301727275	0.0590432127963711
0.270312431855745	0.486255256829641	0.191103872012668
0.771518318342576	0.685740560311470	0.333093606706540
0.147560143741024	0.885915914928585	0.482518035183996
0.639169011822289	0.132776602295552	0.624367776497749
0.395773923164611	0.331510818948193	0.767699721841306
0.900483244167017	0.531295079764886	0.917484949469214
0.0650963365433018	0.712128014371372	0.0650480832406748
0.580204154591149	0.930384682744667	0.208138492503528
0.324028700748535	0.161742699817513	0.348440115046526
0.824646369409729	0.360159626438758	0.489911756132404
0.204107536810478	0.561936735924402	0.631222446157433
0.704560526847329	0.761485892480200	0.774605461939757
0.454390059754550	0.967411511250469	0.917108281042340
0.958160362126794	0.0358012381393228	0.0950227274226957
0.0419853647416605	0.212045158799368	0.240276344494843
0.542856102964567	0.415281360653433	0.397293953548096
0.290196160971390	0.611750282703759	0.529708432756697
0.789956933161362	0.813338686376334	0.672329832341030
0.176333034634428	0.0530140752476613	0.805249030082969
0.679028336018720	0.252689621554723	0.950200948878925
0.428490639610177	0.454131088357102	0.109986610682575
0.931103967477293	0.652252232083456	0.252234314676701
0.113901792751200	0.858209664598009	0.387521277284041
0.610535164631020	0.102596733320892	0.534830309270495
0.362391341677137	0.305676443191753	0.677943629830304
0.862387222067627	0.505100709742889	0.822224434251682
0.228671693301638	0.693537630879108	0.965593229430477
0.742851628877310	0.887632454041831	0.128103988890573
0.496326064325448	0.126706917694165	0.252346512493737
0.975584294700159	0.316378956662552	0.397497121240555
0.0268481043222444	0.512054315788981	0.533499115526645
0.514470761609828	0.719735280423373	0.691749500434998
0.256915667228505	0.925684988321531	0.833518395848079
0.768359320005317	0.166396412712124	0.956694946913493
0.141532135940598	0.371085200604552	0.0281105180203395
0.635140201713878	0.572808102451540	0.162595202565334
0.384894584424559	0.774927133811386	0.304150644520706
0.903083797559919	0.969294516304089	0.457975823891263
0.0663326053647932	0.0367397830131690	0.580445716530017
0.565895134527642	0.226177363108907	0.723267399454503
0.317532664660783	0.422967631886190	0.866777357075845
0.816693171225632	0.635083638356027	0.0370770822013032
0.195509621788780	0.823311286263528	0.182528596355469
0.682192010170295	0.0605540737721181	0.329002717936761
0.438435830910441	0.267828904488131	0.469555334165801
0.942370707448893	0.466610920659211	0.613360866898070
0.0524711161055318	0.664459768489571	0.756034028611878
0.550116567215309	0.865942231476936	0.895234110821669
0.302058221863373	0.0944820153839689	0.0526497180262055
0.798409666318411	0.297966652772519	0.195140375939910
0.170219787229006	0.499141853754717	0.337529470502833
0.670003981353562	0.698970223450531	0.480087246735391
0.424218915301851	0.897553172404964	0.622755953928142
0.926120416610014	0.127317929137543	0.769874684080719
0.0815935002576312	0.336923662116261	0.921804491633540
0.595623234267152	0.538372009061126	0.0673486126163044
0.345812521901817	0.740352465637311	0.215744387136131
0.845251987375608	0.942246193984362	0.359046567247247
0.227397353572980	0.171294847486552	0.484331371154422
0.726392971581599	0.371303421452874	0.627206506506283
0.475734407482906	0.571573693297571	0.771922560716619
0.967977384149554	0.766341520255877	0.918179440135483
0.0352243605012552	0.963592267092214	0.0787879499826056
0.528829375285679	0.0418610688166703	0.246675261995564
0.275635490194832	0.234270549046735	0.390309577872303
0.776127326790320	0.434709336282368	0.534077640989762
0.155816920619685	0.636155779961486	0.667121317999598
0.656450821760213	0.836562704767587	0.810816079902980
0.410921239406001	0.0606412539216238	0.952298461033092
0.902419252663905	0.268746207857314	0.111472626486424
0.0938582884712436	0.477401471054237	0.255935378585061
0.595435450199881	0.677086184211670	0.399729104895521
0.343858382799388	0.877560616125398	0.541816968376551
0.844445892405727	0.111369820531253	0.685724162383417
0.212106277600485	0.312158468267165	0.829243471829978
0.710044478781653	0.495762230222273	0.963079992190579
0.459648138485109	0.725229557026375	0.131337533331172
0.959959217173705	0.927159057689808	0.273268319387997
0.0691151495491161	0.163965336669776	0.429260824420055
0.572565374997044	0.365761147595878	0.573704770232806
0.321072062434399	0.563644327921740	0.714138849142606
0.821282839862336	0.764221796917965	0.856148747140865
0.181449414084289	0.937853978754911	0.983201782826853
0.669288080077307	0.175030382313611	0.0289861691153811
0.432187380569441	0.378261478099376	0.161375392838769
0.942859114688329	0.570688536939359	0.299804915553857
0.125218173883527	0.788386121718894	0.443879683930941
0.612835415454004	0.972607725321051	0.599078385266226
0.360287333832784	0.0290430384463618	0.720009303791718
0.860251940621626	0.205128172769806	0.862769736797565
0.230502506690298	0.411900222560717	0.0542336757846916
0.731415259677027	0.610315050415306	0.186950971595720
0.490373977742204	0.802165996036308	0.334811713966726
0.975903624375713	0.0471461528300876	0.486141036002097
0.0235968460916591	0.228990286226171	0.632415756259930
0.505089057703769	0.450589650973201	0.767120392531809
0.249307936230748	0.641386326639737	0.899340820817683
0.758076146767638	0.833481813316732	0.0518764979176577
0.135767886645657	0.0757684134509778	0.196950378708931
0.633325199162313	0.280187863371040	0.341772792289038
0.382606183201811	0.481063506962550	0.484400988334435
0.886236711977221	0.678840217167269	0.627898895943757
0.0565629262259051	0.868813231080082	0.766792300049240
0.567810996537286	0.122337282383003	0.920338531611241
0.310124695316066	0.315103805194299	0.0685966697061845
0.808936827839321	0.517403742947244	0.212987667046455
0.189088228671306	0.711998263406160	0.359316218944864
0.691312312933775	0.913750066631636	0.502956333245049
0.441102456659367	0.160779629769447	0.635877207307984
0.946241551893777	0.360958313615471	0.779660412575396
0.0433582127798898	0.554991335652846	0.922415186063113
0.540482029778016	0.762622658831211	0.0823284092048846
0.277196562603511	0.965522938299911	0.234560388971152
0.779337054158800	0.0262207303529477	0.396381598930326
0.156697942318248	0.214284131188962	0.531634791064856
0.656697942318248	0.414284131188962	0.674491933921998
0.407229870610327	0.615634636707518	0.817210275577641
0.905812885663175	0.814021900468059	0.949265239118041
0.103239830886017	0.0445325436314488	0.107697595438696
0.598879564110408	0.253650444847437	0.252500284423217
0.349951762820372	0.451500922725508	0.392891662913561
0.849951762820372	0.651500922725508	0.535748805770704
0.219357741855458	0.857376257642758	0.694610912409211
0.720580106417703	0.0840798047771316	0.835334260011399
0.463944339158842	0.270113975329029	0.959403645799941
0.975916145077869	0.461965386725416	0.109698940039992
0.0175359872539411	0.685767802459358	0.275525913279919
0.504464158901906	0.891733062488662	0.429754478107087
0.255720691144797	0.133645026943096	0.556653994655119
0.756917304348956	0.333249730645680	0.697994170115740
0.123435412919156	0.532842438185131	0.856364441354866
0.640735520115007	0.725601717896881	0.973490664552041
0.392535100078804	0.948414685472512	0.0341243737364356
0.890843196312660	0.181438499427958	0.160150447176401
0.0825289642688308	0.371383363393441	0.289983349182478
0.583006985688579	0.570253241987966	0.433102250721965
0.334550076185710	0.770712285244748	0.577763528236451
0.829486710820335	0.966871078393864	0.719568164320916
0.202451828215691	0.0321077039355195	0.884564371047000
0.700786985885575	0.223398281447313	0.0582664289970726
0.466093385457547	0.419801327795894	0.201153819566160
0.957041718789208	0.618491831265846	0.343809306623580
0.0402634155607043	0.812924853196583	0.469833578673047
0.537888363679614	0.0609202941582963	0.602202598718868
0.281035284570359	0.257913073985549	0.753303184445960
0.780966494359863	0.457133383769663	0.897752136795515
0.162314634413763	0.650233030602915	0.0516427526808620
0.666806662415197	0.859539637665272	0.203594572124905
0.414539410109761	0.0900350911431519	0.336389723905822
0.919626677838442	0.292926570826502	0.481973563114245
0.114239881842472	0.501965699575276	0.632515324261881
0.612618306806099	0.703226595418098	0.775177057862649
0.364190181667794	0.898623646706127	0.926741475680672
0.870657885929088	0.144234801895974	0.0718198364305009
0.229484342578747	0.329792218144964	0.206664566045288
0.730920146133899	0.531613534628077	0.351701101972695
0.478996382404763	0.731611769990314	0.501487758794285
0.970579463492400	0.935011819059629	0.649844479618574
0.0245334420085678	0.173023509479915	0.786890181502271
0.508903693445409	0.380581782124306	0.938807191830550
0.264692847154542	0.572452192096311	0.0985142071426912
0.764644580169510	0.774114028915692	0.247481819603433
0.136024702443656	0.969784660927142	0.381222600863334
0.633091039501206	0.0301588167895874	0.523938428275007
0.392814537703577	0.227674607792183	0.671920519355459
0.892957620846948	0.427481114731217	0.813848854630539
0.0853066570025956	0.629191838265712	0.958249491463660
0.579158686307172	0.828267983685084	0.127125698592614
0.338314550573444	0.0615024772981684	0.265650801706562
0.838519855151980	0.265447028805507	0.407181395822272
0.199702827165278	0.464540197132373	0.548830114271743
0.699273828353647	0.662588559269257	0.691605790473333
0.452096596131123	0.871748356948247	0.833966603849001
0.954588341065220	0.0896287846746502	0.966167298864733
0.0474993743428593	0.278047751229729	0.116762330837832
0.556019008157059	0.490601250912431	0.266803369549671
0.305369981226205	0.694929050520914	0.408704260377565
0.807614866107675	0.896811845573980	0.551837549096483
0.181562005082146	0.136760501150341	0.696849333141027
0.681562005082146	0.336760501150341	0.839706475998169
0.418632040355828	0.526229085516426	0.976445180535204
0.903176064201466	0.763604281365516	0.0258970070779145
0.107421356483993	0.943545509979119	0.152300587594631
0.616962101270817	0.178033426518070	0.293561136763989
0.368182868195113	0.377511447482076	0.436134199005064
0.869287837239590	0.577245124910988	0.578831211796310
0.229460423746023	0.773698665259944	0.704859442429733
0.722152958804337	0.966570396970564	0.841834395791865
0.465993470252562	0.0422767648433884	0.0321851237585341
0.969695358876580	0.227316225761137	0.160232041780477
0.0303413614995054	0.431014109233923	0.307755142760355
0.522826707672768	0.636023147026386	0.459497543390394
0.264334136882657	0.831637292487087	0.591214599018536
0.765704129536911	0.0655828520274094	0.726619934910615
0.138707877888947	0.269063662191722	0.874715807750229
0.635382819186088	0.472265364444075	0.0378502441357153
0.387879091165848	0.671684720979803	0.179999463771849
0.887536558291386	0.870399010668649	0.324246985863917
0.104818633546688	0.106987046989707	0.465875850768533
0.605856880775598	0.305771739545023	0.608846256618047
0.355847897132122	0.506040751569118	0.751976473172954
0.857979987192215	0.706588831877600	0.894244300779695
0.214664852780243	0.911723928345842	0.0506691573712144
0.714717546181568	0.149671868646321	0.202216407446008
0.465236508880425	0.352495311721802	0.338308331157895
0.964275066223080	0.548252768458365	0.486098314733889
0.0449857054504003	0.754782856167531	0.657580687856561
0.545715361049623	0.961388477597999	0.804761451979285
0.294402221253983	0.182842332367472	0.904337914713912
0.795098852232249	0.383072758505492	0.0660907496780322
0.170439539163223	0.582782438142363	0.213780545150730
0.670439539163224	0.782782438142363	0.356637688007873
0.429681572419005	0.973406326280061	0.494985470687540
0.921721976250995	0.0218899866455424	0.682829629786743
0.130686355689413	0.208437049051572	0.800442286022610
0.635546771072861	0.408966820336740	0.948501047510212
0.379515147878669	0.612690080981780	0.100216602036428
0.877462519907347	0.811503060509561	0.246987348946185
0.243202389300553	0.0548931240893058	0.392820999458481
0.746026639900666	0.257233460433842	0.533784059058775
0.489489764178215	0.443765493314741	0.660839889514442
0.977523533021044	0.653454284713229	0.810970364591429
0.0242983114613936	0.854599134711850	0.951143764233508
0.506669324553706	0.0772951716875171	0.114202117450474
0.252518039320233	0.273256735513157	0.249269650100418
0.752673223052219	0.475718817375880	0.392848275295266
0.120907477021318	0.685131750526822	0.547588788676231
0.619837399193213	0.886688607532026	0.689339252799336
0.370402320279734	0.120164450801298	0.835165235539360
0.884319631925933	0.321203849312051	0.970561219345440
0.0836982373239982	0.552245572506427	0.0179108979428897
0.587345470616422	0.724975536344240	0.137715601463525
0.335637037621441	0.931678318571726	0.284296846259038
0.838478244183992	0.170710942824217	0.419656072244599
0.195357179007051	0.358941526931766	0.555328116041337
0.695511253495930	0.555924946063594	0.697671205410304
0.441120669358265	0.757056634842474	0.838668851613826
0.946530808142647	0.953827941760317	0.0230722609951657
0.0383169130833756	0.0303871949514319	0.170975029901797
0.529418084851796	0.222047520122456	0.314653102081686
0.279632364605955	0.415928824096615	0.453618941004464
0.779144152988539	0.617207299304950	0.598050640172198
0.151229865076027	0.818742692257407	0.736980759267433
0.657468173059806	0.0548107942373521	0.878281493003404
0.407571307857934	0.257324858053919	0.0477589609907760
0.911013841193571	0.452664198552744	0.185837681926667
0.108394668680678	0.652210068429204	0.332525684599997
0.608684690914769	0.850350012706846	0.475716581388226
0.351606514574307	0.0933667236163250	0.622926978931956
0.851606514574306	0.293366723616325	0.765784121789099
0.226387638147563	0.482771683891936	0.897467331533670
0.728932594947516	0.685568212584390	0.0575661556014965
0.478798672687770	0.879934069228655	0.210418955692894
0.964414914941714	0.125556589330047	0.360626226425464
0.0302245515802500	0.333273805817423	0.491334257178908
0.522352050928691	0.536279289373881	0.643459465578323
0.265191045726996	0.731136676289174	0.780386206794302
0.765992560929230	0.941845887389106	0.932449351887970
0.137332879435627	0.176019099402018	0.0873242211654213
0.636943124311200	0.376192832421075	0.230748904784704
0.390537615771829	0.575914467844300	0.372754728113286
0.891276026283479	0.773584783059692	0.514661542731090
0.0851530522764081	0.967517990767340	0.652102491922876
0.583535261164386	0.0357459120297586	0.811699727979231
0.349395974564564	0.234938121335294	0.955408104270695
0.839103916606013	0.437358214891577	0.119565222154720
0.216394973748799	0.643111572986522	0.261791284375143
0.716394973748799	0.843111572986522	0.404648427232287
0.468798555970979	0.0591727291426872	0.534062911086659
0.956832960051142	0.271598829284422	0.678577869797207
0.0469072956821348	0.465295263369056	0.821176523771986
0.564490410447418	0.657588055564435	0.966024770464811
0.309623819745700	0.854743491764852	0.119616549053846
0.810873836739051	0.0899865545926396	0.263204605712537
0.185788309094783	0.286056208929745	0.407055579170094
0.685193226381176	0.488179401606061	0.550392004732977
0.433928023424485	0.685300726760782	0.693067939268617
0.940903415688737	0.893114137805650	0.841757905980242
0.114074952090412	0.142613652108469	0.972022386468481
0.606141362613382	0.335954919491796	0.0224783852652032
0.367687584720585	0.534366949674174	0.159651800936603
0.868506792428099	0.734652871076283	0.301003273672893
0.244459213365958	0.943304401976483	0.451590865428573
0.755158103128237	0.172826113231196	0.574766113268051
0.506760120503793	0.360814766148666	0.733594651158336
0.985445389446494	0.560973014105981	0.889691543304118
0.0263080067380359	0.775219443808869	0.0475643240420771
0.525844043594430	0.968432999973623	0.171387640819855
0.264107604398323	0.0360446627653791	0.304748504395925
0.755573883480177	0.231129580918892	0.447791718134725
0.126351424048279	0.423165482307119	0.593846294379306
0.624076291527209	0.622173298049037	0.736880214955989
0.375228115556716	0.822549994318863	0.885664154304280
0.877497260692672	0.0600660921761348	0.0426283782950248
0.0802716250489924	0.271217133049660	0.181027077715342
0.585466691669746	0.474099216153707	0.324668099025792
0.334768016249223	0.673724411579433	0.466622377655179
0.835501846164361	0.872495361133596	0.609736362222481
0.215455107764734	0.118168751911018	0.764786151632117
0.715752772726819	0.321327607233107	0.913107295312011
0.473297088756883	0.506837495807344	0.0625526292267623
0.961946663923667	0.709800972914128	0.206023521164114
0.0362181065249837	0.902538023489174	0.356149988348185
0.547473571170834	0.142752262402897	0.510552751859392
0.296190782067650	0.346075084088395	0.644310714873231
0.796905498405387	0.546724661508065	0.788313096799607
0.165335980010301	0.743069878289188	0.938298772664524
0.654430369987252	0.951055936166129	0.0920301732752340
0.408534677430473	0.175829030424455	0.225087838908027
0.915275610888457	0.377787739170608	0.361071167506870
0.115816885437019	0.585693811570992	0.514466727061669
0.615675159818288	0.785306188084670	0.658632982619363
0.360852409500262	0.974286866355048	0.802018462359359
0.862362097834993	0.0455857724824811	0.956616684162638
0.234709880986064	0.249465063802615	0.120358411123978
0.733807525995222	0.450386362206524	0.263725518738669
0.479487636929106	0.629577270854698	0.397897207725922
0.969827366389559	0.849403290816319	0.551772803655229
0.0345359413919624	0.0864949816767797	0.678963333474695
0.522878567377386	0.290627136635822	0.821284799126928
0.278983967309390	0.482898205987684	0.962810130646547
0.776704238709158	0.693878577830452	0.129323807886731
0.149261388585160	0.892997930000516	0.265458414220876
0.645174722495646	0.125944552999810	0.406414795602752
0.393209929113278	0.324849247012294	0.548472472450100
0.895030442092718	0.525593363280528	0.691777700118136
0.0873352904263147	0.727116821107384	0.840410446053958
0.599314728016751	0.920353457895383	0.974048677886888
0.333501151480436	0.167130567341741	0.0208756055310938
0.828302076280222	0.365437384601358	0.162572526950636
0.212460201444484	0.569562314498533	0.314495934225609
0.712622185807517	0.771176660621361	0.458800363905630
0.475738657701939	0.961769970310578	0.607141233837174
0.966480852838661	0.204033203651262	0.742809930330383
0.0587406972079731	0.386778705812404	0.870151263960913
0.540359408157200	0.578056965192868	0.0361515900827668
0.302294626757617	0.782046834966080	0.158828939600080
0.799444364145286	0.975860742478825	0.303400659960975
0.168696189922249	0.0312911087761308	0.455328965231204
0.670590155224045	0.219887518345551	0.604354876960761
0.413897922521001	0.415818002413328	0.746356684433497
0.923855463437238	0.620948030098298	0.892040527172661
0.123054323664771	0.810638303187342	0.0500052586822261
0.623481462731103	0.0444066864404447	0.192291780099890
0.374085832170357	0.248883345846428	0.326584183367743
0.873977801667743	0.449191185401482	0.470850887048415
0.245115365950244	0.644905280961111	0.609870477839110
0.745319219040473	0.845484356175684	0.752754579387449
0.495521719875037	0.0705491570854562	0.915221237298493
0.975040761597251	0.285610604052930	0.0663211984667679
0.0232702599176852	0.482423138518683	0.204880987337065
0.502313675443972	0.694283572818098	0.350019380355997
0.253587840081981	0.877726763788300	0.498300216217689
0.749936837116652	0.117996628184991	0.641676214484941
0.128349714176572	0.326878852659748	0.788689209132312
0.626337900490803	0.526566392777035	0.938862794941405
0.375765471293302	0.727807859734144	0.0948101201754758
0.874855318771533	0.935637556298603	0.234787895488912
0.0700562775895576	0.164869307950726	0.355356359888687
0.578458732495534	0.370205579572544	0.498917419194120
0.324932784995551	0.564247408068805	0.642389080632110
0.826052411772373	0.763726855684444	0.785597406495235
0.190378577134391	0.958899519585411	0.929608580802622
0.702706057321833	0.0277769070272926	0.114621448791085
0.453134323480312	0.234241978493187	0.260472651649488
0.959318103512356	0.438277101492457	0.403076315401710
0.0323953395166063	0.626182948395873	0.544185316217839
0.523058595144066	0.823642273260160	0.682648076549986
0.280416628793836	0.0560615111633940	0.821156429731446
0.782095894699618	0.256045706291544	0.958418929961670
0.167019757679271	0.452721811374250	0.120082980451225
0.667214068368895	0.652069102006459	0.263219779578613
0.415146962439716	0.851725116035141	0.404413794942937
0.917365858429909	0.0829542654047046	0.549707977538261
0.105300067504129	0.286937304434211	0.683647017280260
0.605655757395662	0.486800152941007	0.827166985272196
0.354090167156349	0.692993661854121	0.967464482152283
0.849690911050063	0.890382807316640	0.0310008130109302
0.223398851699206	0.137227785703524	0.167364532569809
0.721998720768139	0.335026226843589	0.310132676956289
0.473871130272258	0.536932457687648	0.445187660668220
0.972898271184154	0.726068374428241	0.602334355110778
0.0277570756993354	0.956280511386002	0.748379422910601
0.500594428430655	0.190598917153939	0.893987580926857
0.261099345211721	0.353343825702423	0.0421382167958914
0.766175688696384	0.553439426972576	0.166654886241496
0.134286313698165	0.776100685688735	0.314631877101410
0.641643168411819	0.967062118226177	0.455368171914560
0.390528463372834	0.0302028855466277	0.603492117663964
0.880876977959455	0.221667360826718	0.744811403662980
0.0815989897595834	0.435157145430141	0.894286880009743
0.584707634993330	0.635833601880852	0.0569363406895809
0.338392509725559	0.832323428829107	0.199291378903706
0.842633315531760	0.0552458547486338	0.327893772311751
0.203498851689342	0.262320304101170	0.485162606850192
0.706084592605164	0.462361132486202	0.627328789190821
0.451956985444957	0.665557507819318	0.763508998372597
0.958891702615675	0.889453422979953	0.926313944765178
0.0402648447330179	0.0964231915808811	0.0754956248167505
0.529734146647948	0.306233393993598	0.224620106319316
0.288149780623570	0.499327450489417	0.363037525190080
0.787227969981170	0.700178002198129	0.507130599384734
0.168995904997363	0.905654109376331	0.660728015300181
0.667281995976926	0.137810505613127	0.801311207096484
0.416419563415553	0.337707642190421	0.942178144601980
0.922281237900549	0.539445779380063	0.104282351068948
0.117187215671145	0.742448732573552	0.236533363101308
0.615290721293961	0.945901276537046	0.380302437378930
0.374907777783810	0.184001302555008	0.524062930814128
0.874907777783810	0.384001302555009	0.666920073671271
0.242840234275799	0.575907806587073	0.801716664672178
0.742173003938503	0.773655273284044	0.943568523515533
0.484080862566542	0.969697049724915	0.0966566004575632
0.964700407955543	0.0372134598209547	0.267206986691624
0.0276784508085020	0.240128245089550	0.407216220293981
0.501690947920735	0.435990109143418	0.538067182414477
0.260214942518640	0.641282211745802	0.700964774577860
0.761950675817928	0.842208289189050	0.844816352965196
0.133583418536473	0.0623484975994293	0.962029093860617
0.620188525496619	0.262208863232347	0.121432935317345
0.369700391019141	0.463175997434815	0.262817715139940
0.869700391019141	0.663175997434815	0.405674857997083
0.0634531522359523	0.870997909467951	0.560024079452751
0.566425270463320	0.111483712835971	0.701779859451879
0.314777521105424	0.310732603572371	0.844559251335054
0.831500628511838	0.506299863181646	0.976334538370744
0.201532750142231	0.718610678186664	0.0292337521653677
0.687855631318613	0.920306190761486	0.164140927532803
0.432569153201348	0.153590330686420	0.302041431944338
0.941306482338852	0.353941714648324	0.449806765302753
0.0491474557351465	0.552205819690008	0.601503795647372
0.545035560834828	0.753089325591646	0.744863060617627
0.296440861717657	0.951350542915009	0.882119152338327
0.780306746953267	0.166734803037391	0.0361626447010389
0.156975684996534	0.370975826296453	0.168642166748765
0.656975684996535	0.570975826296453	0.311499309605908
0.403995401383097	0.772004847625483	0.453822738019060
0.919248651688522	0.967133487332240	0.594080461369724
0.0996241805065395	0.0406470368888726	0.745150902557744
0.605567288602027	0.237360828845744	0.887140535616254
0.359959893896894	0.431634424638510	0.0578259355466865
0.858898020183249	0.633231932342995	0.202671295843090
0.234813180243723	0.840165977254077	0.357521875645800
0.735461748220852	0.0744650413928378	0.489880480940128
0.474650220666524	0.268499738506285	0.635753046904662
0.972781207585123	0.474042039783990	0.784518161724454
0.0308600714320908	0.678918685182997	0.906687098074811
0.524420998258890	0.881656340552454	0.0751765503155506
0.272664998968726	0.124772929842107	0.222500560555524
0.774556329054386	0.324552022005697	0.366041028802075
0.142530496399311	0.518802180443452	0.503568352929047
0.642707609029569	0.716738979245312	0.646681888340212
0.393921141613609	0.918986862457507	0.789455870498700
0.886310470599106	0.157677954564794	0.942878752268318
0.0924721904662498	0.355351232890226	0.103219374972774
0.592156402394226	0.555587653832732	0.246107091075619
0.342759994598803	0.755545463915390	0.388014389546414
0.847750429949679	0.952757429129085	0.529383760916579
0.217538336046322	0.190789451744429	0.662975850181864
0.717538336046322	0.390789451744429	0.805832993039007
0.459727138375843	0.593326254285257	0.932661830598118
0.962583658759316	0.793429916349707	0.116656022825515
0.0544036470959273	0.974307681789334	0.247814514266991
0.555092432570650	0.0260168587162808	0.430696971171677
0.300763162842053	0.212456236369658	0.563091593207677
0.800763162842053	0.412456236369658	0.705948736064820
0.161956868166448	0.602177405676289	0.830841750384435
0.657817114441305	0.801307490398981	0.961540891805319
0.414858114741042	0.0388848794448082	0.133800132112460
0.926595605621426	0.243163429184563	0.278743402168637
0.110751918921176	0.452541453624811	0.420589738549898
0.611161229155469	0.651577464282095	0.562379443023526
0.360957386300025	0.852647028084408	0.706426814959186
0.863990157833896	0.0927861881531252	0.848936671050782
0.245586167058194	0.274083467383888	0.976901640650521
0.736296647546065	0.482020850404102	0.0220061170275452
0.497567897557863	0.661658557988305	0.155021740154571
0.978382860280468	0.857740017927559	0.299277481043045
0.0192355495634081	0.112548253885866	0.446053613685783
0.502838209140932	0.328402143865748	0.592994336674723
0.248243398788346	0.527502247241343	0.735880109480271
0.748551844834206	0.727774137321481	0.878436006629278
0.121636469099000	0.932341314980965	0.0405751986099244
0.624590195844689	0.164167549910210	0.177590792765396
0.374026466177654	0.364469144580466	0.320534122089561
0.874227039989258	0.564579979547519	0.464697804462944
0.0606787230999518	0.752459519318437	0.586508679285854
0.583696803233009	0.964818883320710	0.726460916315668
0.327517076143468	0.0295001301639406	0.897179161929167
0.830489291061307	0.220554026997456	0.0681637915426176
0.197732014684002	0.417952015431099	0.212316486521987
0.697732014684002	0.617952015431100	0.355173629379130
0.444987896611541	0.819321678095700	0.498491176738369
0.952521636039635	0.0582257190975153	0.630129237943788
0.0374399518202624	0.254431548760152	0.779045644353747
0.534308593912968	0.450479932086218	0.926697308947608
0.285702612176141	0.653787938627657	0.0784833602456689
0.786574168355723	0.853805942201285	0.225908607990417
0.152830914272774	0.0896428197549400	0.378890201363533
0.654015196491962	0.292143060252528	0.519685442018219
0.403842311100223	0.493323235074896	0.661992011184105
0.903283856556161	0.692557216817728	0.804291402348515
0.103101596282868	0.892256323021184	0.949023502925298
0.609653551668907	0.133245486548594	0.101084154503536
0.358783441008352	0.332542300484430	0.244360502879138
0.858507870874841	0.534628192172766	0.386025505645894
0.235236050194168	0.732167404358320	0.529938876739426
0.731181354267906	0.937241518674411	0.677837779383680
0.473118465600052	0.170288701773738	0.800261175306198
0.968420805425296	0.367109913486615	0.948188488049162
0.0285603101538600	0.574780814665681	0.108897735534493
0.516124274382393	0.766841710651053	0.249073524375070
0.279196311032185	0.970154912338362	0.393483753141241
0.774257828448569	0.0328905148450868	0.562798632230185
0.134121461656191	0.220921443909620	0.681101611173718
0.634306039766825	0.421662411645638	0.824689539480520
0.375990371051820	0.616497503311546	0.954901264440846
0.883426998232847	0.824925097138982	0.129096478609685
0.0796020858396616	0.0646828141689433	0.285458305009903
0.580745801569311	0.269647158957243	0.426171178693186
0.330542045374840	0.469127924407944	0.570165462856865
0.829702607289797	0.669353993048617	0.713189989733690
0.213174998838450	0.858932843953119	0.844136482441875
0.717425505757264	0.0905419724532666	0.970103287145405
0.450739486137715	0.328398735668758	0.0218063703527526
0.954085723917035	0.519874261056146	0.167331637795726
0.0570849297511213	0.705840891587844	0.290885794572504
0.558593223527641	0.906508909674012	0.435248501907946
0.312970115890258	0.133759282465233	0.575916834135357
0.811969336635300	0.336346658336323	0.720777972180346
0.187374890307448	0.533074927663201	0.862487954366193
0.661645494854171	0.744979271479126	0.0340336483635244
0.407516318149972	0.940117842863217	0.161770676540820
0.912001521668883	0.165172789721870	0.302298004361722
0.114058355511409	0.369058661722478	0.454344642291685
0.613107688777553	0.569555245406946	0.598199807148045
0.363942793195477	0.769355035341496	0.740646280646580
0.878532236623500	0.972703544220744	0.901749858365134
0.245192782312209	0.0301498236160012	0.0529742115144877
0.732536850467178	0.228103571728968	0.177123458372848
0.490888420125248	0.422672240330815	0.317230279307855
0.972995444761258	0.628259407727051	0.472736280010984
0.0255033595273034	0.829605745695690	0.621632779836516
0.517321677139190	0.0596425774033040	0.768773529755739
0.261033212814902	0.265746527636254	0.891721399974934
0.767058331681774	0.474395888234240	0.0795539282270663
0.137262642485078	0.664331380448416	0.207770519964051
0.637288534519113	0.863652386066275	0.350908515814317
0.389184803263079	0.104765373580230	0.493708140053611
0.889601383578270	0.302216859839654	0.635596457796119
0.0820675475853867	0.509663722486676	0.768229454710486
0.584196636831426	0.711245500181870	0.911249970587938
0.332170428137205	0.911506115281062	0.0855198908036677
0.832993947664467	0.144478917258089	0.223271341175953
0.215540078688783	0.344162142398868	0.362827120193444
0.715688331476001	0.544370733419975	0.506580435491702
0.459135163359509	0.745079534703096	0.636697552254184
0.960696432292531	0.951490493199727	0.799254911058357
0.0384614340804223	0.182263024708242	0.924150724872798
0.528785469199536	0.386139098610642	0.0771171185253229
0.294318256492403	0.584376220228471	0.222725557460681
0.793705723770415	0.784589652544315	0.365931572560352
0.176226995602668	0.970724869568594	0.528146462096284
0.688127636211868	0.0398934815162587	0.668034373195289
0.431199089405014	0.240797458899594	0.808588218566018
0.934684277071190	0.448646506959097	0.950632744070819
0.109394461452917	0.624341397072140	0.108703199157698
0.609917184155568	0.825136211034996	0.254834181841087
0.355630002163649	0.0667934777369384	0.393540125913254
0.857786668632768	0.269571336546460	0.537652580669839
0.237624136071577	0.463874626918682	0.683444702182108
0.738008345598913	0.664045912335543	0.825896531743790
0.473572908053649	0.849828489007299	0.969995333176023
0.965810845186399	0.131509150546037	0.0358678615845512
0.0252417375164550	0.339660762767366	0.171176619233707
0.515263282112925	0.538072477646470	0.313411817408799
0.269064960436720	0.739394728059115	0.444179233925394
0.768457606947388	0.938427969920660	0.586626560888074
0.126589046174207	0.149974296804855	0.723686115413861
0.625925828440952	0.349174678652116	0.866061671184952
0.397427724686968	0.563495331009731	0.0302323987244025
0.892101359381439	0.747364982328422	0.165713329856188
0.100118096121977	0.950971007590488	0.301133113753694
0.592206763967119	0.184681682853844	0.454605115530236
0.342373562618625	0.384911323355852	0.596513920041376
0.842603919125747	0.583331920554759	0.736297472017359
0.226126893213996	0.780575584157928	0.870666551689954
0.726252144437818	0.969336316516021	0.0362247982652874
0.454508169092617	0.0256188591886367	0.205021287841067
0.960431112910077	0.218638364932490	0.357285833542906
0.0497785962882923	0.416068576419639	0.483218885347744
0.556202643369054	0.614730512045693	0.633141502680258
0.305179847117824	0.820144302863353	0.775805216166302
0.799696897354676	0.0574592333237554	0.900521868328765
0.190360114617529	0.254224921391473	0.0564784727799184
0.687583150578682	0.454786356944846	0.202824855548714
0.430895302927978	0.646130316649450	0.347512785787489
0.939241535946904	0.855976389722291	0.490146067962714
0.122941186372468	0.0962759040547723	0.635903627573343
0.622283515510419	0.296243305596562	0.779298724095416
0.374160396905296	0.493476685574793	0.926396809971581
0.872376083655225	0.697891538512823	0.0857329888350519
0.243952674986021	0.883091710203113	0.234146017171345
0.742351912058245	0.134949259355594	0.374141569054917
0.492184560362415	0.328240759129138	0.501412245993714
0.975175164083981	0.550542797115885	0.651324841132571
0.0234307596796809	0.740548859759677	0.795978545487172
0.512251800476022	0.934372570677469	0.936272944280141
0.261967848527953	0.166020890141712	0.0979838069553150
0.762856204512657	0.364778090313645	0.241805900876851
0.131347779840161	0.567482646944861	0.403667108272295
0.631229244805195	0.769838010131012	0.545328288232973
0.386834612648399	0.958924656287756	0.687797662848479
0.896730109691773	0.0240430468331298	0.800499673569865
0.0641356032521379	0.242418147520318	0.960386667198176
0.563904384424495	0.427621047035862	0.122821580074196
0.312060512909193	0.628177872807432	0.271398881971632
0.812328773018750	0.828449647058746	0.412466666295343
0.188319144364762	0.0539481074464356	0.545896935695227
0.684421188234213	0.256631724640577	0.683745828738891
0.434156602180277	0.456314375356170	0.828144174800930
0.938328004998265	0.647042303057853	0.966858753833160
0.0384236258182605	0.867883370156201	0.0394407547928937
0.541312930351945	0.0897471585745422	0.162033361151505
0.295472820402961	0.291560443285543	0.304056286342314
0.795472820402961	0.491560443285543	0.446913429199457
0.170168243293355	0.690508177737333	0.590006486196857
0.669692474605577	0.898730075188079	0.733269017210420
0.418629333776888	0.131877525464901	0.876983556538355
0.914875669669164	0.335008764189538	0.0350253429624567
0.0978245195056812	0.533573584680752	0.170980040812059
0.598977715661326	0.734636928842320	0.313524207392043
0.350033756247951	0.941605982893292	0.452777423837459
0.843459748918637	0.166757203035541	0.598990125755052
0.224097234763428	0.363611152586610	0.731382688077599
0.723536003188901	0.564792758210280	0.874494165280495
0.472903866013541	0.766940514729708	0.0404106480884570
0.957499729623710	0.957785563590289	0.183917567527078
0.0370582961897282	0.0354286619280629	0.353506182032994
0.522107959087298	0.225967619048090	0.499346166232889
0.266676070181013	0.425390019683971	0.621397309810464
0.767649745690852	0.626912902148364	0.765421871913443
0.146544877242391	0.819944324378532	0.917677259920457
0.654835970620946	0.0568424864091825	0.0593069249780528
0.403007108258982	0.265628071987052	0.211155128723777
0.912347640356250	0.467610719674332	0.350866685316484
0.0702985458934583	0.671054637526506	0.480887809883024
0.572586450774614	0.868132970350868	0.622968708657553
0.327285606021670	0.100567294211331	0.769607317599015
0.826651639015106	0.301414390860121	0.911699862628254
0.204320856297391	0.503945537577357	0.0754122240751991
0.705512851315282	0.700410920036515	0.226242336689667
0.448914628915442	0.914784964704042	0.364681130634446
0.953748094071192	0.143498832882455	0.505375483871810
0.0479723266706724	0.342032589513595	0.649788679450863
0.551839202038047	0.539620729720659	0.790890298777016
0.307816908835487	0.750765029537580	0.936799301130055
0.813525940909027	0.942656375029542	0.0946853513290108
0.166819600834042	0.172597023925815	0.252275237723688
0.665266425932292	0.370764993649257	0.397188183443268
0.417382113482261	0.569781729070645	0.539268177389458
0.918630326558954	0.769864183952411	0.681303435985509
0.112489625396642	0.973044592126227	0.816711342943305
0.599378887781006	0.0362297153969084	0.958691964743049
0.362047747468647	0.220946679224062	0.126979520092855
0.863088603714222	0.420480334391953	0.270044070661364
0.241288211138457	0.617113599629155	0.401365176125544
0.741862973857227	0.817971201688495	0.545262381825278
0.481985861477032	0.0544794361511384	0.682656844072105
0.967572092729343	0.257114039510902	0.826381801835301
0.0316096151705929	0.450502364673423	0.968176825160298
0.498592818114811	0.667995802465602	0.0316087152111108
0.253700971965565	0.869017028387521	0.147104380494224
0.751491429497342	0.116575779827546	0.293368552414705
0.123280662409641	0.296133366966986	0.447785694639918
0.623422938309889	0.496526109557081	0.592356132175251
0.372801034059802	0.696335983734629	0.732606425865655
0.875134965366161	0.897383684964743	0.878144501370732
0.0620056528082763	0.161836205174727	0.0362450086644299
0.567621747528031	0.348820650201172	0.170776149042915
0.325201998421759	0.547934755098284	0.313575581983650
0.824930231218176	0.748147696282744	0.457656196611540
0.208372986690177	0.950829212493578	0.603600484385929
0.709288896593398	0.180641642094237	0.732063522300126
0.457220437167014	0.380500255100612	0.871421893696740
0.960105795262119	0.583762188799123	0.0483896100713402
0.0372374476447037	0.777874056407648	0.174167364650672
0.536554021494982	0.968094366648530	0.335832438985915
0.291603936680362	0.0354241816617666	0.495421540966896
0.790427649945481	0.231644143760749	0.642756239346424
0.167858297408386	0.429594366195832	0.785903355319238
0.667439066881750	0.630316198362369	0.930996916012558
0.417093785097523	0.828739442565666	0.0920196670292287
0.913625850186790	0.0623871688992014	0.225328296068278
0.106649111204086	0.264134320469146	0.354207509716054
0.606248879651020	0.466043736313453	0.498056818574625
0.357128270519418	0.666479544823401	0.641043679330339
0.858144014445000	0.864617141607171	0.782771686053779
0.233536008896783	0.117818491835184	0.925358757526308
0.735087253135650	0.316183625062941	0.0923064988921716
0.477327132257321	0.505264052368625	0.231922164005551
0.971865525295195	0.718113040570847	0.377602192708728
0.0271042899486637	0.927583268718727	0.519092879176986
0.527863312080917	0.162228282087072	0.649321433515483
0.280249950225476	0.363991741054006	0.802330591079628
0.784946616459209	0.565823346509038	0.944149060677896
0.161041733344029	0.751494254944029	0.103563325103820
0.660853150131021	0.953862705785689	0.240500844609367
0.397045069075795	0.191056776724246	0.406277872269716
0.897347353180493	0.392224185088131	0.548328321473218
0.0934626320223697	0.587955241388486	0.684667923196578
0.594208754036758	0.788187988104019	0.826304193696250
0.335119566975394	0.968048908942972	0.962958929364346
0.830208742788273	0.0196721839765881	0.116880439813422
0.229067909275942	0.204674085284255	0.264547664382069
0.729067909275941	0.404674085284254	0.407404807239211
0.477176096853438	0.605139137879886	0.551291113392493
0.965739517262835	0.810794413886143	0.690155187132691
0.0558929755413849	0.0411112992767954	0.835834129325761
0.549541601385339	0.225337675840604	0.970972456704250
0.300686993081036	0.467941193216645	0.0243520142854906
0.812617228305426	0.639129923681951	0.153115007762402
0.184824323929320	0.836018136301682	0.294411666573820
0.676685072902209	0.0650874490920825	0.437869187991991
0.428888127709440	0.264278016834576	0.580402938270209
0.932165428514398	0.467324677414253	0.722235669648195
0.126090667340683	0.667956669305317	0.871761913655440
0.624598571785123	0.874174542307857	0.0386520106718588
0.371423279596040	0.119951009402022	0.175651664522417
0.871895979903098	0.320776829737359	0.318654166187039
0.244012873885390	0.527021344856618	0.450603507654916
0.743472945122475	0.726422912867882	0.593480570347096
0.489708371863937	0.925373424129299	0.736668832153458
0.975212438114781	0.156336858280711	0.880957379171028
0.0256510340972362	0.366519330407700	0.0489015655014988
0.512348540574034	0.564338375768709	0.174772407990686
0.262275735178247	0.756105272346768	0.323700896938641
0.758107352406213	0.954463324664248	0.464610662953480
0.139897883085751	0.0210292747302670	0.637595413667921
0.630852690726048	0.208150800738177	0.778541439895880
0.381666751083370	0.408800620161213	0.927991126317099
0.882896868334805	0.608910989765136	0.0830083965276990
0.0694405737878972	0.826429628638380	0.230409552509846
0.577864754109081	0.0581016783292102	0.351911636637357
0.322334406785117	0.261641909775028	0.495462445369259
0.821335892312834	0.462608848672939	0.638834019676239
0.191071678354461	0.656618881731898	0.779891333672283
0.690090356128600	0.858589165216198	0.926493124596321
0.432907152186069	0.0984677711226063	0.0803111991445204
0.945364320211718	0.301176825187018	0.234308467269867
0.0410895094187589	0.491978077799702	0.391974512590313
0.542694361904019	0.690579269238817	0.531868237077222
0.289584806636724	0.898864304903188	0.675213246829476
0.792518012055165	0.143035720900470	0.812679543886775
0.168628666005120	0.335529471115118	0.953517146584138
0.682291204948256	0.532037139262032	0.110410279041617
0.426829950613186	0.731053603189457	0.255451231787437
0.943772810941017	0.937583527344083	0.401565620811217
0.0952030613671573	0.163624524193490	0.554026979500226
0.599490713242882	0.363655311353124	0.694317961951225
0.348151154501760	0.563444722836081	0.839926715669174
0.848510620374718	0.762400060933650	0.963334651381277
0.222149196148994	0.965381924448981	0.146427050090681
0.731382939665558	0.0259715256604203	0.259000140422842
0.480293854696855	0.217008884634809	0.405231744872610
0.972908668718810	0.420122704905806	0.544602297034450
0.0260599290582783	0.622520622745569	0.685014778535460
0.516068068727955	0.820163707548559	0.834638660286444
0.272103867171805	0.0526568591879079	0.972837821365321
0.779939178154336	0.280998175284001	0.0268982639687142
0.136688508608970	0.465203635717437	0.170159299103995
0.638134622467613	0.667079722219267	0.315594124621760
0.388926783047247	0.866007556228371	0.460489017262371
0.886747870754477	0.0969180920871901	0.602827480981939
0.0688292925242188	0.305613474311110	0.739605069359830
0.576467431027048	0.505179753326823	0.883641523485027
0.340621803392321	0.693892486861059	0.0342446933261001
0.838657153365963	0.902297451887177	0.170380969517068
0.211632788444815	0.141694489527816	0.330422426892281
0.713979209828432	0.340909350465277	0.474197623356645
0.451274085267478	0.543424467740610	0.611569617628990
0.955851028321258	0.740860885876892	0.758083811339792
0.0450682690888727	0.949497007514904	0.901270746865974
0.557363863061428	0.183602773530689	0.0472832052824408
0.307227119115641	0.389881555339537	0.186312786385315
0.807227119115641	0.589881555339537	0.329169929242458
0.189151541172986	0.784183708061232	0.479968007409403
0.682106030995499	0.969232211295749	0.628087390163726
0.429292447930057	0.0349217862948989	0.790255469682356
0.937848775823902	0.235205061375276	0.933455655514765
0.110427268109646	0.435786004198255	0.0729842765748541
0.609465192790067	0.633004983449483	0.217842459391432
0.358864067513912	0.834399672968266	0.359890995540819
0.861878625615548	0.0579388994954091	0.502305946690922
0.240198511495878	0.269156685799230	0.641892600050742
0.741546938893102	0.470085325885136	0.782650905192113
0.481289063787580	0.674025242008056	0.929431738728979
0.969939311041695	0.870445006957669	0.0876449514786857
0.0298296391837168	0.114456294169795	0.235112574190303
0.520503663051161	0.311380080429411	0.381022004322498
0.268684481370076	0.514449436837916	0.537648402347341
0.768684481370076	0.714449436837917	0.680505545204484
0.148690272975810	0.908720177539752	0.803943742953528
0.646170677308473	0.151374144418839	0.945530172355240
0.399179004248940	0.342297703725254	0.111588210296846
0.900301959368601	0.542507555820984	0.254755106869109
0.0609672961090451	0.740813711693376	0.398727447078405
0.572998883659470	0.939604526142357	0.544303024666906
0.319450435922839	0.175299718303184	0.686489598954844
0.819819942341263	0.374172439200471	0.829053166455022
0.198416484046351	0.582678304059051	0.963626898032287
0.700165005577249	0.780954278795290	0.133248782317325
0.441943567407350	0.966235628260711	0.285109099033975
0.946973950851868	0.0385176329549860	0.411976684806836
0.0501438185870336	0.221965595214464	0.568596848590928
0.563664587508558	0.429812005252254	0.723335308239472
0.306262309392543	0.628818689878226	0.864913163739267
0.786994158196708	0.831619094256149	0.975110708323503
0.163306961847330	0.0749277495794591	0.0317743642485767
0.675868532037460	0.280133798444221	0.171458136370970
0.425621056771205	0.479881354793824	0.314335906939727
0.929902148936630	0.682258268777513	0.457434072065271
0.113899474333319	0.878921345289285	0.601641392396004
0.615158225598270	0.121004510332316	0.741249878153585
0.365158225598271	0.321004510332316	0.884107021010727
0.856261672461255	0.518275227717046	0.0490492096069518
0.241742407545059	0.711377014810425	0.185391682338121
0.740746425027198	0.913887044753092	0.327110959037282
0.476520625121156	0.144167069063248	0.466084561184716
0.968988343664217	0.352628429241745	0.621516969589157
0.0366610077129382	0.559525241466154	0.765068591819329
0.530712436913369	0.760626331811791	0.909672472036962
0.285871294494480	0.962931543811196	0.0531381384588276
0.792561150157805	0.197463879952468	0.192222898970945
0.154013259959021	0.399683786213493	0.336503593314084
0.654013259959021	0.599683786213493	0.479360736171227
0.410161832734904	0.800662417568275	0.619459727066876
0.905557855594305	0.976263218515184	0.762481511871138
0.0806877557214337	0.0246829636211626	0.930647581230481